5000 4582
1 2 803
2 1 803
3 4 158
4 3 158
5 6 774
6 5 774
7 8 1531
8 7 1531
9 10 1673
10 9 1673
9 11 1400
11 9 1400
1 12 842
12 1 842
2 13 591
13 2 591
14 15 1371
15 14 1371
16 17 1659
17 16 1659
18 19 1012
19 18 1012
20 21 1226
21 20 1226
20 22 1265
22 20 1265
23 24 2707
24 23 2707
25 26 520
26 25 520
27 28 783
28 27 783
29 30 518
30 29 518
31 32 3412
32 31 3412
33 34 1994
34 33 1994
33 35 337
35 33 337
36 37 363
37 36 363
38 39 1018
39 38 1018
40 41 392
41 40 392
29 42 1074
42 29 1074
43 44 570
44 43 570
44 45 1764
45 44 1764
46 47 1104
47 46 1104
2 48 617
48 2 617
49 50 1515
50 49 1515
49 51 1186
51 49 1186
52 53 2068
53 52 2068
54 55 520
55 54 520
56 57 734
57 56 734
58 59 705
59 58 705
60 61 1253
61 60 1253
62 63 2418
63 62 2418
64 65 1031
65 64 1031
66 58 611
58 66 611
67 68 3233
68 67 3233
68 60 317
60 68 317
60 69 1708
69 60 1708
70 71 353
71 70 353
69 70 454
70 69 454
72 73 5162
73 72 5162
74 75 798
75 74 798
74 76 1407
76 74 1407
77 78 488
78 77 488
77 79 931
79 77 931
78 80 4705
80 78 4705
78 81 1284
81 78 1284
82 83 369
83 82 369
82 84 1744
84 82 1744
85 86 7921
86 85 7921
86 87 10233
87 86 10233
88 89 328
89 88 328
90 91 456
91 90 456
91 88 909
88 91 909
92 93 264
93 92 264
91 92 484
92 91 484
94 95 143
95 94 143
96 97 2345
97 96 2345
98 99 3101
99 98 3101
100 101 3177
101 100 3177
102 103 6117
103 102 6117
104 105 1065
105 104 1065
106 107 5791
107 106 5791
108 109 2285
109 108 2285
110 109 4799
109 110 4799
109 106 3701
106 109 3701
111 106 921
106 111 921
112 110 3002
110 112 3002
113 114 111
114 113 111
115 113 1436
113 115 1436
116 117 4240
117 116 4240
118 119 1052
119 118 1052
118 116 2551
116 118 2551
120 118 3631
118 120 3631
121 122 1782
122 121 1782
123 120 1547
120 123 1547
123 124 2138
124 123 2138
125 123 3594
123 125 3594
126 127 1031
127 126 1031
126 128 2085
128 126 2085
125 126 2166
126 125 2166
129 125 524
125 129 524
130 129 6959
129 130 6959
130 131 5495
131 130 5495
131 132 1261
132 131 1261
133 134 2886
134 133 2886
131 134 4246
134 131 4246
135 136 535
136 135 535
134 135 1005
135 134 1005
135 137 1686
137 135 1686
138 139 3557
139 138 3557
138 140 2675
140 138 2675
139 141 603
141 139 603
139 142 2691
142 139 2691
143 144 1897
144 143 1897
143 145 473
145 143 473
140 146 7734
146 140 7734
140 143 788
143 140 788
147 148 2271
148 147 2271
147 149 3591
149 147 3591
146 150 782
150 146 782
146 151 765
151 146 765
152 153 2242
153 152 2242
154 147 1802
147 154 1802
154 155 950
155 154 950
156 157 1924
157 156 1924
156 158 1370
158 156 1370
159 156 1954
156 159 1954
159 160 1483
160 159 1483
161 162 5016
162 161 5016
152 161 2781
161 152 2781
161 163 2887
163 161 2887
164 165 1736
165 164 1736
166 167 3931
167 166 3931
168 169 1345
169 168 1345
170 166 2605
166 170 2605
171 166 924
166 171 924
171 172 3415
172 171 3415
173 174 1963
174 173 1963
112 175 6223
175 112 6223
167 112 4812
112 167 4812
175 167 2754
167 175 2754
176 175 4795
175 176 4795
172 177 3744
177 172 3744
178 171 8097
171 178 8097
179 180 918
180 179 918
181 173 1829
173 181 1829
182 181 562
181 182 562
182 183 2122
183 182 2122
184 182 4961
182 184 4961
183 185 889
185 183 889
173 179 4282
179 173 4282
179 186 3851
186 179 3851
176 187 5559
187 176 5559
188 189 901
189 188 901
188 190 782
190 188 782
191 192 3933
192 191 3933
191 176 1206
176 191 1206
193 191 2695
191 193 2695
194 193 511
193 194 511
195 194 696
194 195 696
196 197 3278
197 196 3278
198 195 1652
195 198 1652
195 199 5635
199 195 5635
193 200 3006
200 193 3006
200 201 393
201 200 393
181 202 8544
202 181 8544
203 204 7712
204 203 7712
202 196 8832
196 202 8832
205 196 1746
196 205 1746
205 206 2249
206 205 2249
207 203 7131
203 207 7131
203 208 997
208 203 997
209 205 2233
205 209 2233
208 209 1032
209 208 1032
210 209 1668
209 210 1668
211 210 2191
210 211 2191
212 211 303
211 212 303
213 212 2312
212 213 2312
214 213 1278
213 214 1278
215 184 1161
184 215 1161
216 215 1978
215 216 1978
217 216 1084
216 217 1084
218 219 1109
219 218 1109
217 220 3594
220 217 3594
96 217 2556
217 96 2556
98 96 1234
96 98 1234
221 98 3445
98 221 3445
222 223 796
223 222 796
215 218 3087
218 215 3087
218 224 2956
224 218 2956
225 226 14242
226 225 14242
223 225 1219
225 223 1219
225 227 762
227 225 762
227 228 503
228 227 503
228 229 4111
229 228 4111
34 230 246
230 34 246
221 231 3229
231 221 3229
232 221 1234
221 232 1234
233 232 3385
232 233 3385
234 100 503
100 234 503
233 100 275
100 233 275
234 233 275
233 234 275
235 234 333
234 235 333
236 235 2480
235 236 2480
232 222 3418
222 232 3418
237 222 7762
222 237 7762
235 238 2089
238 235 2089
239 236 713
236 239 713
240 239 3876
239 240 3876
239 241 1340
241 239 1340
242 243 1740
243 242 1740
242 244 1576
244 242 1576
245 240 667
240 245 667
245 242 1670
242 245 1670
246 245 1257
245 246 1257
236 237 4944
237 236 4944
240 247 2109
247 240 2109
246 248 2878
248 246 2878
35 249 1346
249 35 1346
101 250 258
250 101 258
251 14 2103
14 251 2103
252 251 5949
251 252 5949
253 204 1689
204 253 1689
253 254 2983
254 253 2983
14 237 3971
237 14 3971
255 229 13019
229 255 13019
229 256 1300
256 229 1300
257 258 552
258 257 552
256 257 3982
257 256 3982
257 259 786
259 257 786
256 260 3089
260 256 3089
101 261 2780
261 101 2780
260 262 4133
262 260 4133
263 253 3880
253 263 3880
207 263 819
263 207 819
264 207 1417
207 264 1417
263 265 5666
265 263 5666
214 264 2178
264 214 2178
266 214 1004
214 266 1004
267 266 893
266 267 893
268 267 2747
267 268 2747
269 267 12787
267 269 12787
260 270 1277
270 260 1277
271 272 2059
272 271 2059
251 273 1178
273 251 1178
273 274 353
274 273 353
274 275 1719
275 274 1719
274 255 950
255 274 950
276 255 2023
255 276 2023
276 277 1426
277 276 1426
271 278 761
278 271 761
279 271 670
271 279 670
280 279 1763
279 280 1763
270 281 426
281 270 426
282 269 556
269 282 556
283 282 2994
282 283 2994
280 282 9490
282 280 9490
284 283 902
283 284 902
280 285 3489
285 280 3489
286 280 4334
280 286 4334
287 288 1911
288 287 1911
289 188 13645
188 289 13645
290 130 9167
130 290 9167
291 290 7098
290 291 7098
289 292 452
292 289 452
293 289 748
289 293 748
292 294 3653
294 292 3653
293 292 597
292 293 597
295 294 6447
294 295 6447
294 296 5634
296 294 5634
294 297 2773
297 294 2773
196 295 4090
295 196 4090
298 299 561
299 298 561
210 298 3937
298 210 3937
298 300 2504
300 298 2504
296 299 1615
299 296 1615
296 301 2022
301 296 2022
211 302 2387
302 211 2387
213 303 3107
303 213 3107
304 152 6710
152 304 6710
305 304 3787
304 305 3787
306 293 3066
293 306 3066
291 306 251
306 291 251
307 291 1137
291 307 1137
308 307 562
307 308 562
307 309 3269
309 307 3269
310 308 580
308 310 580
311 312 1772
312 311 1772
310 311 353
311 310 353
313 310 2639
310 313 2639
314 315 1544
315 314 1544
316 305 782
305 316 782
314 316 344
316 314 344
317 316 804
316 317 804
318 313 373
313 318 373
313 319 353
319 313 353
318 319 475
319 318 475
320 318 649
318 320 649
321 314 344
314 321 344
319 321 2733
321 319 2733
322 323 672
323 322 672
304 324 2573
324 304 2573
324 325 3995
325 324 3995
163 326 562
326 163 562
327 328 1743
328 327 1743
324 327 2072
327 324 2072
327 329 883
329 327 883
330 322 2450
322 330 2450
305 330 1591
330 305 1591
321 317 706
317 321 706
331 317 1637
317 331 1637
332 331 1860
331 332 1860
333 334 1250
334 333 1250
330 333 1428
333 330 1428
335 336 1386
336 335 1386
331 335 1771
335 331 1771
320 337 4284
337 320 4284
337 338 251
338 337 251
338 339 679
339 338 679
335 340 3077
340 335 3077
341 342 4058
342 341 4058
297 343 2512
343 297 2512
343 320 2933
320 343 2933
344 341 1796
341 344 1796
342 320 1559
320 342 1559
345 342 594
342 345 594
346 345 469
345 346 469
347 345 482
345 347 482
346 344 4070
344 346 4070
348 346 5488
346 348 5488
349 347 5037
347 349 5037
350 351 4215
351 350 4215
352 353 290
353 352 290
350 354 431
354 350 431
348 350 1846
350 348 1846
354 355 3048
355 354 3048
355 356 3120
356 355 3120
355 357 1802
357 355 1802
358 359 1298
359 358 1298
358 360 1872
360 358 1872
361 358 2262
358 361 2262
362 361 782
361 362 782
361 363 1929
363 361 1929
364 349 473
349 364 473
349 362 402
362 349 402
364 362 556
362 364 556
365 364 373
364 365 373
366 365 1592
365 366 1592
367 348 1065
348 367 1065
368 367 6597
367 368 6597
369 370 1111
370 369 1111
367 369 824
369 367 824
369 371 3353
371 369 3353
372 373 2131
373 372 2131
374 375 1336
375 374 1336
266 374 2431
374 266 2431
374 268 2789
268 374 2789
376 268 2169
268 376 2169
376 377 5705
377 376 5705
378 376 4331
376 378 4331
283 379 4805
379 283 4805
284 380 6506
380 284 6506
380 381 2089
381 380 2089
381 380 2089
380 381 2089
382 378 2111
378 382 2111
378 383 3113
383 378 3113
382 381 1305
381 382 1305
384 382 2743
382 384 2743
385 384 419
384 385 419
386 387 238
387 386 238
385 386 2890
386 385 2890
388 385 1004
385 388 1004
389 390 889
390 389 889
391 284 2102
284 391 2102
391 392 1897
392 391 1897
393 391 2768
391 393 2768
394 395 1560
395 394 1560
396 393 7446
393 396 7446
397 396 335
396 397 335
398 397 1423
397 398 1423
399 397 3982
397 399 3982
393 394 3221
394 393 3221
400 401 2553
401 400 2553
402 388 610
388 402 610
394 402 3221
402 394 3221
403 402 4536
402 403 4536
388 389 948
389 388 948
404 403 1253
403 404 1253
405 403 3934
403 405 3934
406 404 2321
404 406 2321
400 407 2110
407 400 2110
405 400 2431
400 405 2431
408 398 2272
398 408 2272
398 405 5141
405 398 5141
409 410 1026
410 409 1026
409 411 2345
411 409 2345
389 412 3520
412 389 3520
413 414 2245
414 413 2245
415 409 2059
409 415 2059
415 416 1248
416 415 1248
368 415 2369
415 368 2369
417 368 1124
368 417 1124
418 417 1240
417 418 1240
418 419 2654
419 418 2654
420 418 3213
418 420 3213
419 421 1545
421 419 1545
419 422 3694
422 419 3694
422 420 275
420 422 275
423 422 438
422 423 438
424 425 3031
425 424 3031
426 427 2698
427 426 2698
428 413 2925
413 428 2925
428 429 1829
429 428 1829
423 428 474
428 423 474
430 423 275
423 430 275
430 428 679
428 430 679
431 432 4792
432 431 4792
433 434 452
434 433 452
435 433 3701
433 435 3701
435 404 1349
404 435 1349
436 435 4611
435 436 4611
433 437 2106
437 433 2106
437 438 1262
438 437 1262
437 439 2321
439 437 2321
438 440 1267
440 438 1267
441 406 4896
406 441 4896
406 442 2941
442 406 2941
441 443 2078
443 441 2078
444 441 926
441 444 926
445 444 4100
444 445 4100
446 447 1653
447 446 1653
448 449 515
449 448 515
449 450 222
450 449 222
451 449 1344
449 451 1344
452 453 660
453 452 660
454 455 1572
455 454 1572
451 454 353
454 451 353
451 456 778
456 451 778
457 451 433
451 457 433
454 458 667
458 454 667
459 460 1407
460 459 1407
444 461 1930
461 444 1930
461 462 1360
462 461 1360
461 463 1468
463 461 1468
459 464 1865
464 459 1865
438 465 1508
465 438 1508
466 465 1023
465 466 1023
466 467 1021
467 466 1021
436 468 1556
468 436 1556
469 436 1596
436 469 1596
470 471 749
471 470 749
446 469 1425
469 446 1425
469 470 1159
470 469 1159
426 466 824
466 426 824
472 426 1512
426 472 1512
431 472 597
472 431 597
473 431 774
431 473 774
474 473 388
473 474 388
474 475 2922
475 474 2922
476 474 926
474 476 926
477 448 87
448 477 87
475 471 926
471 475 926
478 479 9635
479 478 9635
480 479 671
479 480 671
453 477 499
477 453 499
453 446 888
446 453 888
457 452 765
452 457 765
481 457 2321
457 481 2321
481 459 2006
459 481 2006
482 481 1225
481 482 1225
462 483 2677
483 462 2677
483 484 1861
484 483 1861
482 483 353
483 482 353
485 482 6755
482 485 6755
486 487 2085
487 486 2085
486 488 4726
488 486 4726
489 486 2227
486 489 2227
490 489 2226
489 490 2226
489 491 418
491 489 418
492 493 1014
493 492 1014
494 495 1568
495 494 1568
496 492 333
492 496 333
496 159 6929
159 496 6929
497 496 1055
496 497 1055
498 492 402
492 498 402
499 497 3262
497 499 3262
494 500 3404
500 494 3404
501 494 7984
494 501 7984
499 502 1615
502 499 1615
162 499 2909
499 162 2909
503 162 9050
162 503 9050
501 504 1895
504 501 1895
504 505 924
505 504 924
506 501 6059
501 506 6059
504 507 3762
507 504 3762
508 509 1277
509 508 1277
510 511 3682
511 510 3682
511 512 817
512 511 817
511 513 3747
513 511 3747
507 514 868
514 507 868
514 515 577
515 514 577
516 517 3807
517 516 3807
507 518 2216
518 507 2216
519 520 902
520 519 902
521 522 2034
522 521 2034
523 521 275
521 523 275
523 524 1635
524 523 1635
524 525 222
525 524 222
525 522 222
522 525 222
522 526 1829
526 522 1829
527 524 2450
524 527 2450
528 519 2452
519 528 2452
528 529 1541
529 528 1541
530 528 1492
528 530 1492
516 530 2141
530 516 2141
531 532 5198
532 531 5198
519 533 4222
533 519 4222
533 531 1504
531 533 1504
531 534 2409
534 531 2409
530 535 2023
535 530 2023
536 535 3183
535 536 3183
535 533 1904
533 535 1904
533 537 1879
537 533 1879
538 539 2076
539 538 2076
540 541 2430
541 540 2430
540 527 3105
527 540 3105
538 527 4622
527 538 4622
542 538 1950
538 542 1950
542 540 2746
540 542 2746
543 542 3231
542 543 3231
544 545 1256
545 544 1256
546 544 3808
544 546 3808
547 534 3291
534 547 3291
544 548 1940
548 544 1940
549 547 3959
547 549 3959
547 550 251
550 547 251
550 551 1275
551 550 1275
551 546 2044
546 551 2044
551 552 2982
552 551 2982
553 543 476
543 553 476
554 555 1897
555 554 1897
556 554 333
554 556 333
556 553 557
553 556 557
557 556 1004
556 557 1004
557 553 696
553 557 696
558 557 737
557 558 737
559 558 1294
558 559 1294
559 560 4292
560 559 4292
561 559 1124
559 561 1124
558 562 1672
562 558 1672
563 564 2875
564 563 2875
565 566 1511
566 565 1511
563 546 2038
546 563 2038
567 563 1219
563 567 1219
568 567 1919
567 568 1919
567 569 373
569 567 373
569 570 1539
570 569 1539
568 570 2207
570 568 2207
571 568 1031
568 571 1031
561 572 3384
572 561 3384
573 561 778
561 573 778
569 574 2199
574 569 2199
565 573 452
573 565 452
573 575 1762
575 573 1762
570 576 1065
576 570 1065
577 578 4305
578 577 4305
578 579 2277
579 578 2277
575 580 1058
580 575 1058
575 581 1004
581 575 1004
581 582 670
582 581 670
581 583 787
583 581 787
583 584 687
584 583 687
583 585 870
585 583 870
586 587 4574
587 586 4574
588 589 2843
589 588 2843
579 590 679
590 579 679
591 590 712
590 591 712
591 579 696
579 591 696
590 592 627
592 590 627
592 593 5460
593 592 5460
592 588 335
588 592 335
588 594 785
594 588 785
594 595 5353
595 594 5353
596 586 2524
586 596 2524
597 586 8456
586 597 8456
598 596 2062
596 598 2062
587 591 3139
591 587 3139
587 599 2716
599 587 2716
596 600 2918
600 596 2918
600 601 1662
601 600 1662
600 602 1895
602 600 1895
594 603 1417
603 594 1417
604 605 2642
605 604 2642
604 606 875
606 604 875
607 608 3310
608 607 3310
605 609 1906
609 605 1906
609 610 2370
610 609 2370
605 607 1999
607 605 1999
609 611 1750
611 609 1750
586 612 5002
612 586 5002
602 613 5634
613 602 5634
602 614 2395
614 602 2395
615 614 2917
614 615 2917
616 615 610
615 616 610
509 617 2018
617 509 2018
618 506 2509
506 618 2509
503 509 1759
509 503 1759
619 503 3015
503 619 3015
620 618 3978
618 620 3978
619 621 1948
621 619 1948
622 619 3868
619 622 3868
621 623 2125
623 621 2125
621 624 2690
624 621 2690
339 625 8343
625 339 8343
626 506 2551
506 626 2551
334 322 1659
322 334 1659
510 626 1760
626 510 1760
618 627 2166
627 618 2166
627 628 2778
628 627 2778
627 510 3482
510 627 3482
629 630 3802
630 629 3802
631 622 402
622 631 402
622 620 1780
620 622 1780
334 632 930
632 334 930
620 633 1881
633 620 1881
634 631 238
631 634 238
635 634 1159
634 635 1159
625 636 303
636 625 303
635 637 511
637 635 511
636 635 177
635 636 177
638 635 883
635 638 883
637 639 875
639 637 875
639 640 168
640 639 168
641 638 452
638 641 452
642 641 452
641 642 452
643 642 581
642 643 581
644 643 1454
643 644 1454
640 645 1584
645 640 1584
646 647 417
647 646 417
642 646 1621
646 642 1621
646 648 2277
648 646 2277
648 649 1004
649 648 1004
643 649 3392
649 643 3392
649 650 1014
650 649 1014
363 651 2028
651 363 2028
363 652 1846
652 363 1846
366 653 1595
653 366 1595
365 654 2097
654 365 2097
655 653 2348
653 655 2348
652 656 2561
656 652 2561
652 657 2121
657 652 2121
658 655 2109
655 658 2109
653 658 1176
658 653 1176
655 658 2109
658 655 2109
659 366 3188
366 659 3188
659 372 1102
372 659 1102
660 659 990
659 660 990
372 661 2927
661 372 2927
373 662 1712
662 373 1712
662 373 1712
373 662 1712
660 655 1292
655 660 1292
663 660 6311
660 663 6311
664 665 1951
665 664 1951
666 644 1796
644 666 1796
667 668 1793
668 667 1793
669 666 2879
666 669 2879
644 670 2285
670 644 2285
670 671 1113
671 670 1113
666 670 2915
670 666 2915
672 669 4831
669 672 4831
669 673 762
673 669 762
674 675 1139
675 674 1139
676 674 1267
674 676 1267
674 663 1905
663 674 1905
677 663 4216
663 677 4216
630 516 1565
516 630 1565
630 678 845
678 630 845
629 679 2778
679 629 2778
679 680 2177
680 679 2177
681 629 1897
629 681 1897
536 549 473
549 536 473
549 682 1161
682 549 1161
679 536 2621
536 679 2621
682 683 1340
683 682 1340
681 684 3680
684 681 3680
648 685 2513
685 648 2513
645 681 3700
681 645 3700
685 681 1492
681 685 1492
686 685 1332
685 686 1332
687 686 835
686 687 835
688 687 1829
687 688 1829
689 690 1675
690 689 1675
687 691 1855
691 687 1855
692 693 1234
693 692 1234
694 689 1031
689 694 1031
692 689 1099
689 692 1099
695 692 1089
692 695 1089
696 697 729
697 696 729
696 698 584
698 696 584
688 696 738
696 688 738
699 688 696
688 699 696
699 700 1000
700 699 1000
698 701 6583
701 698 6583
698 702 3673
702 698 3673
694 699 671
699 694 671
683 703 1062
703 683 1062
683 704 1975
704 683 1975
695 705 4039
705 695 4039
706 705 2222
705 706 2222
705 707 3343
707 705 3343
708 709 2281
709 708 2281
684 710 4266
710 684 4266
710 708 251
708 710 251
711 712 1059
712 711 1059
713 711 1031
711 713 1031
706 714 2320
714 706 2320
711 706 1014
706 711 1014
715 716 2457
716 715 2457
717 695 762
695 717 762
717 718 1124
718 717 1124
719 720 1004
720 719 1004
718 694 2438
694 718 2438
719 718 1089
718 719 1089
721 719 1029
719 721 1029
722 723 1626
723 722 1626
713 724 845
724 713 845
725 713 1111
713 725 1111
726 725 1565
725 726 1565
726 727 1366
727 726 1366
728 729 713
729 728 713
716 730 562
730 716 562
731 716 837
716 731 837
725 732 1011
732 725 1011
728 721 251
721 728 251
721 722 1719
722 721 1719
733 728 1872
728 733 1872
722 734 2783
734 722 2783
735 736 808
736 735 808
736 737 1338
737 736 1338
736 738 1005
738 736 1005
701 739 3192
739 701 3192
673 740 3047
740 673 3047
702 741 905
741 702 905
702 742 2000
742 702 2000
741 743 373
743 741 373
743 744 1119
744 743 1119
743 745 433
745 743 433
746 747 1160
747 746 1160
744 746 1114
746 744 1114
746 748 1721
748 746 1721
749 672 2570
672 749 2570
667 750 1207
750 667 1207
751 752 201
752 751 201
752 753 847
753 752 847
749 751 557
751 749 557
677 749 1504
749 677 1504
754 677 1576
677 754 1576
755 677 4306
677 755 4306
756 757 2138
757 756 2138
758 759 1492
759 758 1492
752 756 1572
756 752 1572
756 760 1412
760 756 1412
761 762 238
762 761 238
762 763 1021
763 762 1021
764 762 1424
762 764 1424
763 765 1530
765 763 1530
758 766 353
766 758 353
760 758 889
758 760 889
764 760 1114
760 764 1114
763 767 679
767 763 679
768 764 251
764 768 251
769 768 948
768 769 948
744 770 1024
770 744 1024
734 771 2338
771 734 2338
734 772 1011
772 734 1011
773 772 1466
772 773 1466
771 773 1844
773 771 1844
774 746 1349
746 774 1349
775 776 667
776 775 667
777 775 2264
775 777 2264
778 775 1267
775 778 1267
772 735 1343
735 772 1343
779 735 2823
735 779 2823
773 780 1436
780 773 1436
781 774 2939
774 781 2939
782 783 268
783 782 268
784 781 1000
781 784 1000
785 786 1762
786 785 1762
782 787 687
787 782 687
788 782 1679
782 788 1679
784 774 2764
774 784 2764
789 784 511
784 789 511
789 790 1027
790 789 1027
791 789 921
789 791 921
790 776 2410
776 790 2410
792 790 778
790 792 778
777 792 562
792 777 562
792 793 679
793 792 679
794 777 1159
777 794 1159
791 793 1904
793 791 1904
793 795 419
795 793 419
778 796 1193
796 778 1193
794 778 1345
778 794 1345
797 794 402
794 797 402
798 794 1621
794 798 1621
799 797 3379
797 799 3379
798 800 1392
800 798 1392
798 801 2299
801 798 2299
802 800 335
800 802 335
800 801 1806
801 800 1806
803 802 627
802 803 627
801 769 1669
769 801 1669
804 769 1872
769 804 1872
805 806 1607
806 805 1607
807 808 2767
808 807 2767
807 803 1637
803 807 1637
803 809 3701
809 803 3701
810 811 1686
811 810 1686
812 813 1790
813 812 1790
814 815 1345
815 814 1345
816 810 2473
810 816 2473
417 817 3117
817 417 3117
818 819 603
819 818 603
820 818 2682
818 820 2682
420 432 3901
432 420 3901
820 818 2682
818 820 2682
821 820 2784
820 821 2784
822 823 1343
823 822 1343
824 825 2762
825 824 2762
826 827 2519
827 826 2519
828 826 1005
826 828 1005
829 826 2169
826 829 2169
676 830 1750
830 676 1750
821 676 2810
676 821 2810
831 821 1375
821 831 1375
832 831 3653
831 832 3653
833 834 1160
834 833 1160
835 833 4001
833 835 4001
831 836 1312
836 831 1312
837 835 3288
835 837 3288
838 835 1124
835 838 1124
839 822 3442
822 839 3442
839 822 3442
822 839 3442
840 839 786
839 840 786
824 840 2347
840 824 2347
840 832 1694
832 840 1694
837 832 1881
832 837 1881
828 824 1267
824 828 1267
841 828 1621
828 841 1621
842 843 2446
843 842 2446
841 842 1204
842 841 1204
844 837 1031
837 844 1031
843 844 1457
844 843 1457
845 838 2557
838 845 2557
845 844 2264
844 845 2264
842 846 503
846 842 503
846 847 3024
847 846 3024
843 845 3194
845 843 3194
476 848 344
848 476 344
849 476 402
476 849 402
848 480 3358
480 848 3358
849 848 433
848 849 433
850 849 1810
849 850 1810
829 851 1924
851 829 1924
852 850 2479
850 852 2479
852 853 2084
853 852 2084
854 852 511
852 854 511
855 829 608
829 855 608
856 855 4916
855 856 4916
857 854 2650
854 857 2650
854 856 2535
856 854 2535
856 858 1978
858 856 1978
859 490 2102
490 859 2102
490 860 1143
860 490 1143
861 857 3201
857 861 3201
862 857 1670
857 862 1670
863 860 3034
860 863 3034
863 864 1786
864 863 1786
862 863 550
863 862 550
865 862 1609
862 865 1609
866 841 1797
841 866 1797
866 867 2207
867 866 2207
868 866 796
866 868 796
869 868 3042
868 869 3042
868 870 1708
870 868 1708
858 869 1114
869 858 1114
870 871 1112
871 870 1112
870 872 1827
872 870 1827
871 873 1014
873 871 1014
869 874 3931
874 869 3931
871 875 1873
875 871 1873
876 858 2223
858 876 2223
861 876 333
876 861 333
874 876 1607
876 874 1607
865 861 2239
861 865 2239
877 865 1257
865 877 1257
878 877 926
877 878 926
878 879 3064
879 878 3064
880 878 1408
878 880 1408
881 882 488
882 881 488
883 884 611
884 883 611
885 883 845
883 885 845
880 883 808
883 880 808
877 886 3100
886 877 3100
883 886 2590
886 883 2590
886 887 1626
887 886 1626
888 885 762
885 888 762
889 885 1483
885 889 1483
890 888 336
888 890 336
891 754 924
754 891 924
833 891 1762
891 833 1762
892 754 4543
754 892 4543
893 891 3728
891 893 3728
835 893 2469
893 835 2469
894 893 1267
893 894 1267
895 894 1375
894 895 1375
896 897 474
897 896 474
765 898 535
898 765 535
898 899 713
899 898 713
898 900 762
900 898 762
896 755 475
755 896 475
901 755 1252
755 901 1252
901 902 1222
902 901 1222
903 902 1428
902 903 1428
904 892 1375
892 904 1375
892 905 353
905 892 353
894 904 1276
904 894 1276
906 901 611
901 906 611
904 896 3152
896 904 3152
838 907 1005
907 838 1005
908 909 2080
909 908 2080
908 845 1261
845 908 1261
910 908 2016
908 910 2016
847 846 3024
846 847 3024
911 847 2234
847 911 2234
912 895 2138
895 912 2138
913 912 667
912 913 667
912 914 1670
914 912 1670
895 915 1381
915 895 1381
913 910 1803
910 913 1803
916 913 1729
913 916 1729
917 916 2340
916 917 2340
900 918 1445
918 900 1445
902 900 1559
900 902 1559
903 804 2340
804 903 2340
919 920 508
920 919 508
921 809 706
809 921 706
922 923 1336
923 922 1336
924 906 333
906 924 333
925 924 687
924 925 687
906 903 1852
903 906 1852
925 926 1062
926 925 1062
927 925 983
925 927 983
928 929 2085
929 928 2085
923 930 373
930 923 373
930 919 1994
919 930 1994
921 931 1031
931 921 1031
811 921 473
921 811 473
932 811 2286
811 932 2286
933 934 556
934 933 556
935 933 1031
933 935 1031
936 933 1436
933 936 1436
935 923 928
923 935 928
936 935 1029
935 936 1029
937 938 201
938 937 201
939 937 875
937 939 875
937 940 2558
940 937 2558
941 936 1572
936 941 1572
939 942 649
942 939 649
943 939 1359
939 943 1359
944 928 2016
928 944 2016
945 946 333
946 945 333
928 945 1005
945 928 1005
947 945 1906
945 947 1906
948 944 1014
944 948 1014
949 948 1084
948 949 1084
947 944 1011
944 947 1011
919 927 451
927 919 451
950 951 1976
951 950 1976
952 949 5287
949 952 5287
953 954 1095
954 953 1095
955 953 2933
953 955 2933
953 956 1679
956 953 1679
955 947 2121
947 955 2121
957 955 1111
955 957 1111
957 948 2951
948 957 2951
958 957 556
957 958 556
959 958 344
958 959 344
959 949 2635
949 959 2635
960 959 344
959 960 344
961 960 557
960 961 557
962 960 3437
960 962 3437
963 961 679
961 963 679
961 964 1027
964 961 1027
965 966 670
966 965 670
875 966 2138
966 875 2138
875 967 419
967 875 419
966 968 586
968 966 586
911 875 3534
875 911 3534
917 911 948
911 917 948
969 917 9913
917 969 9913
970 971 1345
971 970 1345
971 972 847
972 971 847
972 970 1342
970 972 1342
973 974 503
974 973 503
973 975 983
975 973 983
976 973 1340
973 976 1340
887 881 1445
881 887 1445
977 881 2755
881 977 2755
885 887 2612
887 885 2612
888 978 1392
978 888 1392
979 980 474
980 979 474
981 982 168
982 981 168
981 975 817
975 981 817
983 975 1173
975 983 1173
984 981 786
981 984 786
984 985 418
985 984 418
986 987 1479
987 986 1479
986 979 473
979 986 473
988 986 1007
986 988 1007
988 979 1479
979 988 1479
987 988 473
988 987 473
977 969 924
969 977 924
980 969 503
969 980 503
989 977 893
977 989 893
990 989 445
989 990 445
990 890 2920
890 990 2920
991 990 5951
990 991 5951
992 993 643
993 992 643
992 970 515
970 992 515
993 992 643
992 993 643
976 983 1065
983 976 1065
993 994 279
994 993 279
995 976 1023
976 995 1023
995 996 1161
996 995 1161
996 987 2783
987 996 2783
997 996 888
996 997 888
994 995 250
995 994 250
998 994 224
994 998 224
998 999 1137
999 998 1137
952 1000 1606
1000 952 1606
1001 952 1360
952 1001 1360
1002 952 980
952 1002 980
1001 1002 1334
1002 1001 1334
1000 998 1305
998 1000 1305
1003 1000 1076
1000 1003 1076
999 1004 473
1004 999 473
997 1005 945
1005 997 945
1006 1007 1257
1007 1006 1257
1003 999 1392
999 1003 1392
1008 1003 1112
1003 1008 1112
1008 1001 796
1001 1008 796
1009 1001 1540
1001 1009 1540
1010 1008 2007
1008 1010 2007
983 984 1204
984 983 1204
1011 997 1204
997 1011 1204
1012 1013 2118
1013 1012 2118
1014 1013 1023
1013 1014 1023
1012 989 4325
989 1012 4325
1015 1012 1445
1012 1015 1445
1016 1012 948
1012 1016 948
1017 1015 1375
1015 1017 1375
1011 1018 550
1018 1011 550
1019 1020 855
1020 1019 855
1016 1014 1454
1014 1016 1454
1021 1022 402
1022 1021 402
1023 1021 1423
1021 1023 1423
1006 1011 1298
1011 1006 1298
1010 1006 1479
1006 1010 1479
1024 1010 1083
1010 1024 1083
1025 1021 1375
1021 1025 1375
1026 1025 1360
1025 1026 1360
1027 1023 333
1023 1027 333
1015 1028 1345
1028 1015 1345
1029 1030 905
1030 1029 905
1031 1014 1941
1014 1031 1941
1031 1016 1690
1016 1031 1690
1032 1033 475
1033 1032 475
1033 1034 2105
1034 1033 2105
552 571 344
571 552 344
1035 552 344
552 1035 344
1036 1035 511
1035 1036 511
1037 1036 672
1036 1037 672
597 1038 866
1038 597 866
709 1037 1846
1037 709 1846
1039 1037 905
1037 1039 905
1033 1039 452
1039 1033 452
714 1032 924
1032 714 924
715 714 905
714 715 905
731 715 2152
715 731 2152
1037 1040 1896
1040 1037 1896
1034 1041 2082
1041 1034 2082
1040 597 335
597 1040 335
1042 1043 1399
1043 1042 1399
733 731 4112
731 733 4112
1044 1045 1396
1045 1044 1396
1042 1046 4200
1046 1042 4200
733 1047 1385
1047 733 1385
1044 1048 2114
1048 1044 2114
1049 733 1234
733 1049 1234
1050 1049 893
1049 1050 893
1049 1051 2716
1051 1049 2716
1050 1052 2203
1052 1050 2203
1053 1050 778
1050 1053 778
1051 1054 2948
1054 1051 2948
1054 1055 261
1055 1054 261
1052 1056 562
1056 1052 562
1051 1057 139
1057 1051 139
1057 1052 835
1052 1057 835
1057 1058 1221
1058 1057 1221
1059 1060 2747
1060 1059 2747
1058 1059 1065
1059 1058 1065
1034 1061 2716
1061 1034 2716
1062 1063 904
1063 1062 904
1046 1064 1536
1064 1046 1536
1062 1065 1145
1065 1062 1145
1046 1066 2181
1066 1046 2181
1059 1067 1477
1067 1059 1477
1068 1067 1796
1067 1068 1796
1060 1069 373
1069 1060 373
1067 1060 1304
1060 1067 1304
1066 1070 2948
1070 1066 2948
1066 1071 1177
1071 1066 1177
1072 1071 4272
1071 1072 4272
1070 1073 845
1073 1070 845
1074 1070 1423
1070 1074 1423
1075 1076 608
1076 1075 608
1075 1077 1542
1077 1075 1542
1078 1075 2205
1075 1078 2205
1079 1078 3593
1078 1079 3593
779 1053 556
1053 779 556
1053 1056 2096
1056 1053 2096
1080 779 1000
779 1080 1000
785 1080 333
1080 785 333
1080 1081 2100
1081 1080 2100
788 785 1334
785 788 1334
1082 1083 1089
1083 1082 1089
1056 1082 889
1082 1056 889
1082 1084 667
1084 1082 667
1085 1086 578
1086 1085 578
1087 788 1225
788 1087 1225
1087 791 1428
791 1087 1428
1088 1087 672
1087 1088 672
1089 1088 562
1088 1089 562
1090 1089 344
1089 1090 344
795 1090 2022
1090 795 2022
805 1090 1336
1090 805 1336
1088 1091 980
1091 1088 980
1091 1092 945
1092 1091 945
1093 1092 2783
1092 1093 2783
1092 1094 1890
1094 1092 1890
1058 1068 1595
1068 1058 1595
1095 1096 556
1096 1095 556
1097 1095 1626
1095 1097 1626
1091 1085 1606
1085 1091 1606
1085 1098 974
1098 1085 974
1092 1098 1471
1098 1092 1471
1094 1098 2229
1098 1094 2229
1098 1095 1872
1095 1098 1872
1099 1100 2578
1100 1099 2578
1100 1101 1573
1101 1100 1573
799 805 1000
805 799 1000
1102 799 562
799 1102 562
1102 807 1690
807 1102 1690
1103 1102 1392
1102 1103 1392
1104 1093 1919
1093 1104 1919
1093 1105 679
1105 1093 679
1104 1103 1094
1103 1104 1094
814 1103 1248
1103 814 1248
1106 1104 1206
1104 1106 1206
1107 814 893
814 1107 893
816 812 905
812 816 905
812 1107 238
1107 812 238
1107 1108 1219
1108 1107 1219
932 816 1031
816 932 1031
1108 1109 1134
1109 1108 1134
1105 1110 1333
1110 1105 1333
1105 1094 1767
1094 1105 1767
1106 1110 2084
1110 1106 2084
1110 1099 706
1099 1110 706
1099 1111 1345
1111 1099 1345
1108 1106 2087
1106 1108 2087
1109 1112 672
1112 1109 672
1113 1114 1242
1114 1113 1242
1115 1112 889
1112 1115 889
1112 1116 3278
1116 1112 3278
1117 1118 2278
1118 1117 2278
1068 1119 2265
1119 1068 2265
1097 1120 1457
1120 1097 1457
1119 1079 1852
1079 1119 1852
1100 1097 2948
1097 1100 2948
1111 1101 2044
1101 1111 2044
1101 1121 1277
1121 1101 1277
1122 1123 870
1123 1122 870
1101 1124 1343
1124 1101 1343
1124 1125 2023
1125 1124 2023
1119 1126 1219
1126 1119 1219
1079 1127 2304
1127 1079 2304
1122 1128 549
1128 1122 549
1129 1128 4088
1128 1129 4088
1124 1122 1713
1122 1124 1713
1128 1127 1193
1127 1128 1193
1127 1130 1406
1130 1127 1406
1131 1111 3997
1111 1131 3997
1132 1133 687
1133 1132 687
1132 1134 1059
1134 1132 1059
1117 1132 1919
1132 1117 1919
1135 1131 445
1131 1135 445
1131 1136 2737
1136 1131 2737
1135 1117 1178
1117 1135 1178
1137 1135 1004
1135 1137 1004
1138 1137 1344
1137 1138 1344
1137 1139 2434
1139 1137 2434
1111 1140 2229
1140 1111 2229
1136 1141 1344
1141 1136 1344
1136 1142 597
1142 1136 597
1143 1144 1414
1144 1143 1414
1145 1146 3744
1146 1145 3744
1147 598 1591
598 1147 1591
1148 7 2340
7 1148 2340
1145 1148 2596
1148 1145 2596
1072 1148 1796
1148 1072 1796
1148 1149 2761
1149 1148 2761
1150 1078 1511
1078 1150 1511
1150 29 659
29 1150 659
1151 1150 5673
1150 1151 5673
30 1152 1000
1152 30 1000
1153 1072 5191
1072 1153 5191
1154 1153 4365
1153 1154 4365
598 1155 4116
1155 598 4116
1147 1156 3765
1156 1147 3765
1149 1157 1559
1157 1149 1559
1158 1159 1248
1159 1158 1248
1149 1158 1814
1158 1149 1814
1160 616 1356
616 1160 1356
613 1161 1119
1161 613 1119
1161 1162 1528
1162 1161 1528
1161 1163 1113
1163 1161 1113
1158 1164 1443
1164 1158 1443
1165 1166 672
1166 1165 672
1167 1165 928
1165 1167 928
1168 1165 2458
1165 1168 2458
1165 1169 1261
1169 1165 1261
1170 1171 746
1171 1170 746
1172 1173 2731
1173 1172 2731
1130 1174 1539
1174 1130 1539
1130 1151 974
1151 1130 974
1172 1151 762
1151 1172 762
1129 1175 1525
1175 1129 1525
1176 1172 2245
1172 1176 2245
1174 1129 1188
1129 1174 1188
1174 1177 1951
1177 1174 1951
1178 1154 1906
1154 1178 1906
1176 1178 580
1178 1176 580
1177 1176 1611
1176 1177 1611
1179 1177 1876
1177 1179 1876
1178 1180 1276
1180 1178 1276
1181 1182 1968
1182 1181 1968
1183 1181 1082
1181 1183 1082
1182 1179 3963
1179 1182 3963
1184 1185 1340
1185 1184 1340
1182 1186 1939
1186 1182 1939
1186 1187 1572
1187 1186 1572
1188 1167 2458
1167 1188 2458
1188 1154 1790
1154 1188 1790
1168 1188 928
1188 1168 928
1189 1168 335
1168 1189 335
1190 1189 1014
1189 1190 1014
1191 1189 1256
1189 1191 1256
1169 1192 778
1192 1169 778
1192 1193 333
1193 1192 333
1193 1194 433
1194 1193 433
1193 1191 1225
1191 1193 1225
1190 1180 2445
1180 1190 2445
1195 1190 1114
1190 1195 1114
1196 1191 1549
1191 1196 1549
10 1197 1068
1197 10 1068
1198 1199 111
1199 1198 111
1199 1184 2113
1184 1199 2113
1180 1195 2261
1195 1180 2261
1200 1195 1063
1195 1200 1063
1201 1200 676
1200 1201 676
1202 1201 844
1201 1202 844
1203 1202 1428
1202 1203 1428
5 1204 1921
1204 5 1921
1205 1196 706
1196 1205 706
1196 1206 1161
1206 1196 1161
1170 1192 1814
1192 1170 1814
1207 1208 672
1208 1207 672
1209 1207 562
1207 1209 562
1209 1207 562
1207 1209 562
1205 1210 2113
1210 1205 2113
1211 1205 837
1205 1211 837
1211 1209 1575
1209 1211 1575
1195 1190 1114
1190 1195 1114
1210 1212 2375
1212 1210 2375
1213 1210 353
1210 1213 353
1214 1213 2138
1213 1214 2138
1203 1184 1172
1184 1203 1172
1186 1215 3015
1215 1186 3015
1216 1203 2933
1203 1216 2933
1187 1217 928
1217 1187 928
1215 1187 2575
1187 1215 2575
1215 1216 1137
1216 1215 1137
1218 1216 3029
1216 1218 3029
5 1219 3382
1219 5 3382
1181 1220 2205
1220 1181 2205
1214 5 1345
5 1214 1345
1221 1214 1089
1214 1221 1089
1222 1214 1398
1214 1222 1398
1223 1224 1786
1224 1223 1786
1225 1226 1504
1226 1225 1504
1227 932 2783
932 1227 2783
1227 1228 2086
1228 1227 2086
941 1227 1786
1227 941 1786
1229 1228 3064
1228 1229 3064
1230 941 1334
941 1230 1334
953 943 1031
943 953 1031
943 1230 373
1230 943 373
1230 1231 1686
1231 1230 1686
1232 1233 596
1233 1232 596
1231 1234 704
1234 1231 704
956 1231 950
1231 956 950
1231 1235 2204
1235 1231 2204
1236 1113 465
1113 1236 465
1228 1236 880
1236 1228 880
1237 1236 2522
1236 1237 2522
1238 1115 2143
1115 1238 2143
1229 1237 1111
1237 1229 1111
1239 1237 2094
1237 1239 2094
1235 1240 768
1240 1235 768
1240 1241 954
1241 1240 954
1242 1241 1084
1241 1242 1084
956 1235 2574
1235 956 2574
958 1243 1173
1243 958 1173
1243 1244 679
1244 1243 679
963 1243 1222
1243 963 1222
1245 1244 672
1244 1245 672
964 963 667
963 964 667
1246 963 948
963 1246 948
962 964 2118
964 962 2118
1246 1245 924
1245 1246 924
1247 1246 6208
1246 1247 6208
1245 1248 598
1248 1245 598
1249 1246 1100
1246 1249 1100
1249 1250 2339
1250 1249 2339
1251 1252 921
1252 1251 921
1253 1252 2688
1252 1253 2688
1251 1254 445
1254 1251 445
1255 1251 2371
1251 1255 2371
1256 1257 1014
1257 1256 1014
1256 1258 1638
1258 1256 1638
1259 1256 511
1256 1259 511
1260 1261 1300
1261 1260 1300
1260 1259 335
1259 1260 335
1261 1262 308
1262 1261 308
1261 1263 402
1263 1261 402
1259 1249 1406
1249 1259 1406
1253 1260 736
1260 1253 736
1255 1253 1059
1253 1255 1059
1238 1115 2143
1115 1238 2143
1116 1238 845
1238 1116 845
1138 1116 921
1116 1138 921
1264 1138 556
1138 1264 556
1239 1264 556
1264 1239 556
1265 1239 1014
1239 1265 1014
1265 1229 2264
1229 1265 2264
1266 1265 2170
1265 1266 2170
1267 1242 1059
1242 1267 1059
1267 1268 2424
1268 1267 2424
1241 1269 2203
1269 1241 2203
1269 1267 824
1267 1269 824
1270 1265 867
1265 1270 867
1270 1266 2358
1266 1270 2358
1143 1264 3017
1264 1143 3017
1271 1270 1011
1270 1271 1011
1272 1271 670
1271 1272 670
1273 1271 3113
1271 1273 3113
1274 1143 2155
1143 1274 2155
1275 1272 1005
1272 1275 1005
1276 1272 3094
1272 1276 3094
1277 1266 817
1266 1277 817
1277 1269 980
1269 1277 980
1278 1277 782
1277 1278 782
1279 1278 1000
1278 1279 1000
1280 1278 4525
1278 1280 4525
1273 1277 1178
1277 1273 1178
1281 1242 3262
1242 1281 3262
1282 1281 787
1281 1282 787
1283 1282 787
1282 1283 787
1284 1283 417
1283 1284 417
1285 1284 754
1284 1285 754
1282 1255 1381
1255 1282 1381
1286 1279 1161
1279 1286 1161
1287 1288 2674
1288 1287 2674
1286 1289 1345
1289 1286 1345
1290 1285 1257
1285 1290 1257
1290 1286 1204
1286 1290 1204
1291 1290 251
1290 1291 251
1291 1292 1663
1292 1291 1663
1293 1291 611
1291 1293 611
1294 1293 402
1293 1294 402
1295 1296 688
1296 1295 688
1297 1298 3444
1298 1297 3444
1298 1299 2532
1299 1298 2532
1294 1295 1454
1295 1294 1454
1300 1294 902
1294 1300 902
1295 1301 687
1301 1295 687
1302 1295 845
1295 1302 845
1002 962 1267
962 1002 1267
1303 1304 1059
1304 1303 1059
1009 1305 1139
1305 1009 1139
1306 1307 1347
1307 1306 1347
1306 1297 455
1297 1306 455
1307 1308 2826
1308 1307 2826
1024 1025 1076
1025 1024 1076
1309 1024 1479
1024 1309 1479
1026 1023 948
1023 1026 948
1309 1026 1223
1026 1309 1223
1310 1309 1280
1309 1310 1280
1311 1031 1177
1031 1311 1177
1019 1311 474
1311 1019 474
1312 1009 4886
1009 1312 4886
1313 1314 1122
1314 1313 1122
1310 1019 2392
1019 1310 2392
1315 1310 671
1310 1315 671
1316 1315 1113
1315 1316 1113
1312 1317 3610
1317 1312 3610
1318 1312 696
1312 1318 696
1315 1319 945
1319 1315 945
1319 1318 1028
1318 1319 1028
1320 1318 1305
1318 1320 1305
1321 1316 847
1316 1321 847
1319 1322 1767
1322 1319 1767
1323 1019 5062
1019 1323 5062
1324 1321 824
1321 1324 824
1325 1285 1396
1285 1325 1396
1326 1321 1021
1321 1326 1021
1323 1327 1176
1327 1323 1176
1327 1326 983
1326 1327 983
1328 1327 1065
1327 1328 1065
1329 1330 963
1330 1329 963
1307 1329 1311
1329 1307 1311
1308 1299 1288
1299 1308 1288
1299 1331 5057
1331 1299 5057
1332 1333 452
1333 1332 452
1331 1334 732
1334 1331 732
1316 1320 2078
1320 1316 2078
1335 1320 847
1320 1335 847
1317 1331 511
1331 1317 511
1336 1317 905
1317 1336 905
1321 1335 2078
1335 1321 2078
1337 1335 847
1335 1337 847
1326 1337 1971
1337 1326 1971
1338 1337 1322
1337 1338 1322
1327 1338 1925
1338 1327 1925
1339 1338 950
1338 1339 950
1328 1339 1686
1339 1328 1686
1340 1339 1360
1339 1340 1360
1318 1336 3277
1336 1318 3277
1341 1336 1124
1336 1341 1124
1342 1343 353
1343 1342 353
1344 1343 1398
1343 1344 1398
1320 1341 2600
1341 1320 2600
1345 1341 1004
1341 1345 1004
1341 1346 948
1346 1341 948
1346 1347 2007
1347 1346 2007
1346 1344 515
1344 1346 515
1348 1349 1779
1349 1348 1779
1335 1345 2305
1345 1335 2305
1350 1345 889
1345 1350 889
1337 1350 1956
1350 1337 1956
1350 1347 1012
1347 1350 1012
1347 1351 535
1351 1347 535
1348 1351 906
1351 1348 906
1351 1352 4446
1352 1351 4446
1183 1353 891
1353 1183 891
1354 1275 883
1275 1354 883
1274 1183 1104
1183 1274 1104
1355 1274 1111
1274 1355 1111
1356 1354 2248
1354 1356 2248
1276 1273 1345
1273 1276 1345
1356 1276 1005
1276 1356 1005
1357 1356 1029
1356 1357 1029
1354 1355 948
1355 1354 948
1358 1355 1827
1355 1358 1827
1357 1358 889
1358 1357 889
1359 1357 238
1357 1359 238
1280 1359 667
1359 1280 667
1360 1361 2032
1361 1360 2032
1355 1360 1358
1360 1355 1358
1362 1360 452
1360 1362 452
1363 1 2428
1 1363 2428
1358 1363 1178
1363 1358 1178
1363 1364 1095
1364 1363 1095
1364 1365 1741
1365 1364 1741
1364 1366 515
1366 1364 515
1367 1359 2492
1359 1367 2492
1368 1367 2445
1367 1368 2445
1367 1366 1611
1366 1367 1611
1366 1369 335
1369 1366 335
1369 1370 2039
1370 1369 2039
1371 1372 1763
1372 1371 1763
1287 1280 1000
1280 1287 1000
1371 1287 1222
1287 1371 1222
1373 1371 1111
1371 1373 1111
1374 1373 445
1373 1374 445
1300 1302 1234
1302 1300 1234
1375 1300 948
1300 1375 948
1302 1376 889
1376 1302 889
1377 1375 548
1375 1377 548
1376 1378 562
1378 1376 562
1378 1332 1583
1332 1378 1583
1376 1379 679
1379 1376 679
1380 1378 1076
1378 1380 1076
1381 1377 1122
1377 1381 1122
1374 1375 1071
1375 1374 1071
1382 1374 445
1374 1382 445
1383 1382 1000
1382 1383 1000
1384 1382 1340
1382 1384 1340
1381 1383 667
1383 1381 667
1385 1381 672
1381 1385 672
1386 1385 2223
1385 1386 2223
1387 1385 1234
1385 1387 1234
1388 1368 1454
1368 1388 1454
1368 1389 1428
1389 1368 1428
1390 1384 556
1384 1390 556
1391 1384 838
1384 1391 838
1391 1388 452
1388 1391 452
1392 1388 948
1388 1392 948
1393 1391 893
1391 1393 893
1393 1394 744
